0.000000000000000000e+00
5.534618283622267515e-02
3.305696134381393148e-02
4.662431355658447352e-02
2.239689889092279576e-02
4.307095940562075814e-02
7.365134058361150204e-02
2.121244750726822281e-02
5.577689243027888349e-02
3.801012167546032050e-02
5.943792397975664749e-02
1.028319155809195584e-01
5.373102185851189733e-02
3.984063745019920250e-03
2.864218800473780635e-02
1.087541724991924162e-02
5.599224722730698767e-02
3.790244427694627188e-02
1.819748034887477134e-02
1.034779799720038779e-01
8.000430709594055778e-02
2.778076881662538966e-02
9.367933670722515885e-03
3.230321955421557164e-04
1.216754603208786492e-02
1.722838376224830343e-03
4.414773339076127727e-03
